0:
.##
##.
#..

1:
.##
##.
###

2:
#..
##.
###

3:
##.
##.
###

4:
#.#
###
#.#

5:
###
..#
###

46x45: 71 55 46 51 56 44
42x43: 42 52 40 46 46 50
44x43: 30 43 26 35 31 30
37x42: 45 41 41 30 43 41
36x42: 40 34 37 38 48 36
36x43: 37 37 35 48 40 40
49x39: 29 34 32 38 38 36
37x38: 19 27 27 23 24 24
48x42: 40 37 38 31 42 36
36x47: 37 46 44 48 40 44
40x45: 46 40 46 48 49 48
47x44: 41 34 35 34 31 35
36x40: 28 21 27 28 20 31
49x50: 48 49 37 41 37 44
47x42: 39 41 40 29 32 29
44x43: 41 23 38 27 35 32
39x35: 25 20 25 16 25 32
36x40: 24 35 27 31 19 19
35x44: 43 44 37 43 38 33
38x37: 36 42 33 35 30 40
45x42: 27 28 37 31 45 42
44x35: 28 26 34 20 20 25
39x41: 30 33 25 21 25 34
39x41: 40 44 35 42 48 36
48x47: 41 30 47 38 41 43
46x41: 35 38 36 30 31 24
35x49: 32 47 45 40 42 55
45x39: 47 33 61 46 42 44
44x44: 28 33 36 36 28 35
36x43: 35 38 28 20 19 27
49x43: 34 34 41 37 35 42
46x35: 32 46 47 42 41 38
44x42: 33 31 37 32 34 29
36x48: 37 30 34 31 34 26
36x44: 49 44 39 38 35 41
49x45: 64 63 59 58 45 53
36x41: 21 29 27 28 22 29
39x41: 38 28 23 26 22 31
48x37: 50 44 40 51 41 48
39x35: 38 25 42 36 34 37
46x37: 29 25 32 36 28 30
50x36: 28 27 38 36 26 37
41x47: 50 53 56 38 50 51
44x47: 68 53 48 50 49 54
50x46: 34 35 39 33 55 43
44x35: 38 31 40 38 48 42
47x42: 50 35 41 22 36 25
47x44: 52 53 60 61 51 42
38x43: 40 40 35 42 47 46
38x38: 28 23 21 19 27 26
42x35: 45 31 34 30 44 44
42x48: 51 46 57 61 56 40
49x36: 41 51 36 50 47 44
45x37: 35 31 35 20 30 29
48x46: 38 28 43 46 48 36
39x45: 45 53 44 48 37 43
36x35: 32 21 14 21 20 23
39x45: 35 31 32 30 37 30
43x50: 60 50 52 64 54 52
44x41: 42 41 49 37 58 50
39x37: 39 32 39 35 39 39
50x37: 44 44 42 52 47 54
45x50: 60 56 50 60 66 54
44x35: 30 22 28 33 19 22
40x50: 44 38 29 43 21 32
47x44: 29 41 33 40 33 34
40x37: 29 27 34 19 27 20
40x47: 34 32 33 31 32 33
35x41: 22 25 30 22 22 22
49x40: 42 38 35 32 31 29
41x37: 48 34 44 38 42 31
45x36: 28 22 31 32 27 39
36x37: 29 27 28 18 25 16
47x43: 34 44 33 35 27 37
46x40: 34 36 28 35 32 30
48x45: 43 24 42 39 51 40
49x39: 58 43 51 50 46 49
42x49: 50 55 44 55 55 56
48x38: 36 25 34 31 30 35
36x48: 33 35 38 33 27 26
35x38: 29 35 30 28 39 42
50x35: 30 34 30 34 20 27
39x48: 47 31 34 36 34 26
45x42: 45 44 55 48 53 46
37x39: 41 31 34 47 39 31
47x41: 37 30 39 33 28 27
38x47: 43 64 44 41 42 40
48x38: 42 26 31 27 31 34
35x46: 25 30 32 26 27 24
37x41: 41 39 37 39 41 37
42x36: 26 31 28 35 27 20
37x41: 35 32 41 32 52 41
41x45: 53 37 43 50 41 61
44x36: 29 29 32 29 21 27
35x43: 28 27 28 15 28 27
41x38: 17 31 32 21 25 30
47x38: 52 45 40 35 53 51
50x39: 54 57 40 45 43 61
41x41: 33 46 37 40 50 49
35x41: 28 27 20 18 24 26
45x50: 40 49 42 37 33 39
44x42: 43 49 52 41 53 46
36x49: 31 29 39 34 27 32
46x35: 26 30 27 27 18 36
46x40: 30 33 40 33 31 28
38x43: 48 40 38 54 43 30
43x46: 39 30 39 28 36 37
38x42: 25 32 27 33 24 27
42x45: 48 58 41 54 41 48
37x40: 35 34 30 45 41 41
43x47: 37 29 37 40 32 34
42x49: 41 64 55 54 52 48
49x39: 42 35 34 28 33 35
40x39: 27 29 33 30 30 20
45x35: 32 35 46 34 50 44
50x41: 30 32 40 33 34 39
37x38: 22 29 26 16 26 25
50x46: 49 46 37 34 33 40
38x42: 25 23 28 33 26 33
42x50: 62 46 62 56 52 49
44x46: 42 47 52 49 58 61
49x47: 34 37 44 38 45 42
37x38: 41 35 28 48 35 30
36x37: 23 30 21 29 22 18
44x37: 51 40 38 42 44 38
38x42: 41 42 27 50 43 41
49x36: 37 21 38 33 41 21
37x43: 23 26 27 31 31 30
37x36: 35 22 46 33 32 39
41x45: 50 41 47 57 52 38
41x41: 21 30 29 29 32 28
36x47: 24 28 43 26 30 29
36x42: 37 23 25 21 27 35
37x47: 52 38 38 43 56 42
50x50: 64 59 66 66 62 68
47x45: 29 40 37 50 31 37
43x43: 48 50 41 52 43 50
35x38: 36 28 38 25 29 50
46x36: 44 44 54 44 36 35
39x48: 21 26 44 35 45 36
41x50: 28 39 26 44 31 39
43x41: 47 42 52 51 33 48
37x42: 30 27 33 31 20 27
39x43: 24 39 44 65 36 45
37x39: 29 41 45 38 26 42
46x35: 49 37 33 51 41 38
35x47: 21 31 35 23 24 31
37x43: 41 47 34 43 34 45
39x49: 58 53 42 51 38 54
39x48: 37 37 32 41 29 32
39x39: 33 23 27 31 33 22
48x37: 18 34 40 36 35 28
49x35: 36 45 51 45 42 44
35x35: 29 39 32 24 36 28
37x39: 35 37 40 37 37 36
49x42: 56 65 55 42 44 56
42x44: 41 42 48 54 54 44
35x49: 27 37 33 32 25 21
38x45: 25 28 33 33 36 25
37x40: 31 18 18 36 22 30
43x44: 55 46 60 42 47 45
39x37: 26 45 43 43 28 35
35x50: 38 24 30 24 31 29
47x45: 29 31 50 38 38 38
40x50: 31 36 28 40 44 29
38x42: 24 28 23 38 22 33
39x45: 41 57 43 41 38 49
40x45: 27 26 44 38 27 32
45x37: 33 24 25 42 33 23
47x45: 60 51 65 53 50 50
47x36: 38 48 36 52 44 40
43x45: 45 47 59 51 39 57
40x41: 40 46 42 47 42 35
41x37: 19 19 28 26 28 36
49x45: 65 53 44 57 61 60
43x44: 34 42 28 37 25 30
37x35: 14 22 25 25 19 26
39x43: 44 40 40 43 49 42
39x50: 40 25 31 42 30 39
36x46: 29 29 28 29 37 27
42x38: 36 38 51 30 43 48
37x48: 34 34 25 28 31 40
45x40: 24 34 33 34 34 36
35x44: 30 35 17 24 17 31
41x40: 43 43 35 45 51 35
39x35: 46 27 38 31 41 31
47x49: 37 50 39 35 39 39
40x43: 26 20 34 33 25 43
44x42: 29 26 44 32 26 39
38x43: 33 23 29 21 28 34
45x37: 26 36 25 35 33 24
39x42: 35 48 39 42 49 37
44x38: 41 44 44 41 46 41
50x49: 61 65 64 66 50 71
48x44: 69 56 51 61 41 51
44x41: 39 30 36 26 28 22
48x47: 40 34 30 49 47 40
49x45: 47 40 35 33 43 42
47x50: 41 36 50 39 37 36
43x41: 39 28 20 32 32 31
48x46: 37 50 41 36 40 35
39x44: 35 25 34 30 27 31
43x44: 29 40 31 31 37 27
47x42: 47 58 50 52 45 51
46x49: 45 38 40 42 37 38
36x47: 33 47 38 55 44 40
35x48: 38 30 21 33 28 26
41x37: 34 39 43 43 35 39
47x37: 45 47 38 44 45 48
50x39: 46 54 41 55 51 51
49x46: 44 40 37 51 29 38
48x44: 63 58 43 54 49 59
46x45: 51 48 44 54 61 59
41x49: 71 34 60 52 53 46
49x48: 73 63 62 56 61 51
38x42: 47 36 38 42 46 38
48x47: 48 38 34 42 42 35
35x41: 22 17 29 19 28 27
49x45: 57 47 58 60 62 56
46x46: 30 34 31 49 40 41
39x36: 36 32 40 34 37 38
39x46: 49 54 38 42 50 43
44x37: 20 32 29 27 22 37
37x41: 27 21 21 30 23 33
39x35: 22 27 25 16 25 28
49x42: 36 36 39 37 33 42
46x37: 52 39 41 37 41 54
39x44: 32 25 30 31 33 30
38x43: 46 37 51 33 48 39
38x48: 29 41 37 29 29 26
46x46: 52 55 60 49 54 56
41x41: 33 24 23 34 22 32
50x50: 64 59 73 59 79 52
49x44: 61 56 52 50 55 59
49x43: 64 52 52 48 50 61
45x47: 43 39 37 33 37 35
37x38: 36 35 47 31 36 33
49x40: 58 53 58 35 47 54
46x44: 31 29 40 49 34 27
47x44: 31 45 27 36 33 38
46x48: 59 59 51 70 48 53
44x49: 57 48 44 45 65 72
44x43: 32 37 31 32 38 25
47x48: 54 59 49 56 67 60
46x43: 29 42 38 31 30 40
38x41: 23 20 25 33 29 26
38x49: 38 33 33 27 32 29
38x35: 42 32 26 28 34 44
43x44: 36 25 32 30 33 39
36x48: 35 30 35 26 32 33
45x46: 46 48 61 57 48 58
36x40: 40 39 39 33 37 35
42x48: 35 34 39 38 36 41
43x49: 46 59 60 47 69 42
40x48: 35 46 29 29 34 34
49x45: 61 52 52 66 49 60
50x42: 39 37 42 43 38 24
44x36: 25 36 22 26 28 30
42x42: 32 23 37 25 41 37
43x49: 36 32 36 46 36 38
36x35: 22 17 14 23 26 30
35x49: 31 42 54 49 48 38
50x47: 42 35 37 55 38 33
40x43: 24 31 34 27 33 32
38x40: 37 22 32 24 19 21
35x43: 22 29 20 23 29 30
45x36: 31 26 40 32 26 25
41x40: 21 25 28 37 29 28
46x49: 67 45 61 67 56 54
44x43: 62 52 47 50 48 36
47x40: 30 29 27 42 25 42
44x41: 37 33 25 28 28 31
47x38: 41 45 49 38 50 51
43x38: 28 30 28 30 27 25
38x35: 39 33 32 43 32 27
40x43: 39 28 22 23 24 45
49x37: 37 37 34 29 23 32
38x42: 45 44 42 44 38 34
37x47: 38 21 31 33 30 27
38x44: 29 22 35 29 31 22
49x44: 40 32 39 42 43 28
48x50: 53 63 67 65 57 63
41x49: 36 38 28 28 40 37
42x41: 34 32 30 28 34 24
40x46: 39 26 33 30 27 40
42x38: 50 36 45 45 32 41
46x44: 44 58 50 53 54 50
36x49: 48 46 42 47 49 40
49x35: 52 40 40 49 47 38
47x40: 33 37 31 31 25 37
37x35: 21 20 16 29 19 26
42x48: 43 30 42 36 40 33
42x38: 32 21 27 24 31 33
38x39: 29 36 34 34 50 42
41x35: 42 41 32 31 44 32
46x45: 41 36 34 37 39 38
43x48: 34 30 39 50 36 34
45x47: 38 36 40 49 29 33
39x39: 27 32 20 33 26 30
43x49: 38 37 30 54 36 29
43x42: 36 25 26 35 38 35
45x44: 47 30 36 29 39 29
40x35: 48 38 36 40 31 26
36x42: 27 30 25 33 28 25
49x45: 20 51 44 61 30 34
43x35: 41 29 41 46 44 32
46x43: 58 47 53 49 48 52
49x35: 35 25 30 27 34 25
37x44: 45 44 43 38 41 41
47x42: 31 41 32 28 43 34
43x38: 33 29 30 23 29 23
40x40: 45 31 45 37 47 43
37x38: 37 40 31 31 40 37
43x49: 37 32 45 42 33 34
47x49: 68 63 52 56 58 59
46x49: 57 56 52 61 66 54
37x44: 22 30 26 28 30 31
43x49: 31 38 38 43 49 25
43x40: 53 42 47 43 39 44
38x37: 23 19 26 22 28 25
46x48: 35 37 40 42 47 38
37x40: 30 19 24 24 32 26
49x41: 32 30 34 24 37 50
49x40: 36 37 38 48 23 25
44x42: 43 50 52 45 48 46
45x38: 32 39 30 21 22 35
46x37: 31 24 26 36 28 34
43x43: 37 30 30 30 38 31
45x50: 44 42 32 38 43 40
38x37: 25 22 24 32 13 27
35x43: 35 32 28 16 24 18
46x46: 59 55 54 51 58 50
37x40: 21 30 24 25 32 23
38x43: 41 38 33 40 44 54
46x50: 38 46 37 44 36 39
41x47: 52 50 47 55 55 38
40x39: 21 30 29 31 26 31
45x40: 37 31 36 36 23 31
38x39: 47 36 39 45 38 26
42x49: 40 47 42 36 29 29
45x39: 54 43 47 46 49 34
37x40: 24 17 22 31 29 33
37x46: 32 28 36 36 25 23
41x39: 20 34 23 34 27 30
38x40: 23 32 30 27 18 25
36x38: 26 22 21 26 32 17
37x36: 39 34 43 31 38 23
41x42: 45 39 41 41 56 43
48x50: 31 51 47 44 41 42
41x48: 38 39 30 34 37 30
47x40: 44 31 29 24 29 37
39x47: 36 21 36 29 31 42
39x36: 46 27 27 33 43 42
36x44: 45 35 33 47 38 46
43x41: 29 30 33 27 35 28
40x47: 53 54 48 48 43 45
48x50: 55 72 72 57 67 46
36x46: 41 47 44 44 36 43
41x42: 33 32 31 25 31 29
46x50: 59 71 65 47 62 51
41x40: 26 32 36 14 20 41
46x37: 37 36 29 26 26 26
40x36: 31 23 27 27 18 30
46x46: 61 57 49 53 54 53
41x45: 35 31 32 32 36 29
36x42: 32 22 30 29 30 24
37x42: 37 33 36 46 43 43
45x45: 30 35 38 40 40 42
40x49: 51 60 49 45 46 51
42x50: 61 48 51 70 43 52
46x43: 41 29 32 30 44 33
40x36: 32 28 49 49 30 34
50x47: 46 35 41 35 50 32
43x50: 53 46 52 57 60 62
44x49: 53 64 53 47 51 63
40x45: 29 30 30 45 35 25
36x46: 36 25 31 34 29 24
45x46: 44 49 59 52 64 49
45x47: 38 39 35 37 38 38
41x42: 35 28 29 28 31 30
46x43: 44 50 59 54 49 48
35x41: 22 21 26 25 23 26
35x40: 46 28 39 30 47 29
37x47: 33 58 48 33 45 48
35x40: 25 28 21 26 20 23
35x43: 37 40 42 38 33 42
39x40: 33 44 31 32 55 42
45x38: 26 34 33 33 28 26
50x48: 36 55 43 40 44 37
42x40: 31 40 22 27 25 36
39x46: 36 45 26 36 29 22
48x40: 50 44 58 58 45 42
39x50: 39 30 34 34 41 30
36x36: 29 19 25 22 24 25
43x43: 44 44 48 37 59 52
49x41: 46 63 54 55 42 48
37x47: 39 46 51 42 40 49
39x47: 37 25 35 31 32 34
40x40: 35 47 43 41 41 38
38x35: 28 18 26 16 20 23
50x39: 37 38 32 38 36 26
40x48: 31 39 36 37 33 31
42x46: 47 47 51 51 57 44
45x47: 26 46 39 35 39 39
48x49: 45 38 27 43 51 52
40x36: 29 17 34 23 26 26
43x40: 52 47 49 42 42 36
40x48: 50 50 56 54 43 44
42x41: 31 31 27 27 32 33
42x49: 38 35 34 47 37 32
42x35: 38 36 35 39 41 37
47x40: 30 30 28 33 35 39
44x39: 48 40 41 37 47 52
46x35: 44 53 36 48 37 30
44x46: 42 62 59 49 44 54
36x44: 36 29 28 29 23 23
46x39: 25 37 41 27 33 32
48x45: 59 55 50 50 61 58
43x44: 52 44 67 53 43 36
46x44: 34 30 35 33 40 37
47x35: 34 47 56 52 29 35
49x39: 36 34 41 32 26 38
44x48: 71 52 62 57 42 47
49x41: 32 35 27 42 40 32
49x49: 33 56 52 39 39 37
35x49: 34 25 35 38 24 19
48x41: 32 42 30 33 31 39
44x44: 37 36 27 33 33 29
41x50: 46 46 53 49 60 60
46x38: 43 46 40 41 50 48
35x42: 36 41 39 36 39 35
40x46: 34 29 38 28 35 30
47x50: 68 52 60 71 54 59
38x49: 18 30 39 32 42 31
48x41: 55 59 47 42 57 44
40x40: 19 24 28 35 34 28
46x47: 27 41 39 35 41 41
37x49: 42 51 53 39 46 48
50x44: 42 36 31 41 41 33
43x38: 23 33 22 27 30 32
36x46: 45 38 38 41 46 47
43x50: 48 54 61 71 49 47
39x35: 34 38 41 37 31 30
40x48: 52 48 46 51 51 48
48x40: 22 43 37 31 39 35
36x38: 24 22 22 29 21 26
35x48: 23 37 29 30 25 32
42x46: 33 32 38 40 29 37
37x44: 35 29 27 30 19 28
49x39: 51 48 63 48 47 40
42x44: 36 28 39 34 33 26
39x44: 24 36 38 29 29 25
37x48: 28 28 29 40 36 30
49x36: 54 50 51 46 34 40
48x39: 37 31 38 33 42 27
35x49: 46 53 38 39 49 39
35x46: 31 36 20 25 24 28
42x47: 42 39 29 35 34 30
48x37: 38 52 49 48 41 44
45x39: 43 46 53 39 46 44
42x35: 26 26 23 33 27 19
50x47: 60 58 68 60 60 57
48x45: 39 42 31 40 49 39
39x40: 21 32 26 34 18 37
45x37: 32 54 39 44 34 50
49x41: 62 47 48 58 42 55
42x36: 25 32 19 30 28 34
47x45: 42 38 32 32 37 43
39x37: 29 37 51 28 40 37
39x49: 59 47 56 37 42 57
36x39: 26 25 15 29 35 25
50x42: 43 37 39 46 29 30
44x41: 25 30 29 33 33 31
36x49: 49 48 47 37 44 48
41x39: 28 19 37 30 20 35
46x47: 58 72 45 53 52 52
39x45: 40 50 38 48 53 39
45x43: 36 41 37 33 27 35
47x37: 28 28 33 34 27 30
47x46: 61 46 60 57 64 47
50x39: 29 35 35 37 31 41
45x35: 36 45 37 42 47 34
35x48: 55 48 42 33 40 44
37x42: 44 35 35 41 36 49
35x49: 26 26 37 28 23 36
43x41: 36 46 53 41 45 49
48x46: 40 42 44 39 45 30
39x43: 27 39 29 32 24 30
36x48: 46 37 33 54 48 47
39x40: 25 37 29 31 28 18
37x49: 48 50 48 45 47 42
47x37: 27 30 28 30 24 40
42x43: 31 31 45 25 34 30
42x45: 36 28 36 28 38 43
50x50: 61 69 65 54 68 67
35x47: 45 47 28 44 43 45
38x37: 17 25 25 22 22 33
40x48: 48 46 46 50 46 59
44x48: 44 34 33 38 37 38
46x41: 22 32 38 39 24 39
44x41: 27 32 34 29 27 32
44x40: 29 33 29 25 30 35
42x39: 39 38 54 46 33 43
43x46: 35 40 34 28 45 27
45x49: 39 33 38 40 39 51
43x38: 41 49 38 42 42 39
37x47: 30 33 26 35 27 28
37x40: 21 28 17 33 30 26
40x39: 30 28 29 28 27 27
43x36: 48 33 26 41 49 42
37x45: 28 32 24 25 35 35
45x35: 27 26 30 26 33 23
38x46: 49 49 42 45 43 42
47x36: 38 34 44 52 49 42
43x45: 29 35 38 38 40 30
45x48: 52 47 57 60 55 61
47x38: 39 29 27 19 32 33
35x37: 39 38 33 27 30 34
47x35: 24 29 22 32 36 21
47x38: 65 49 35 35 49 46
36x36: 31 27 40 27 38 37
44x42: 31 41 33 32 29 30
35x37: 35 22 34 33 36 40
35x43: 40 39 43 36 33 42
49x39: 41 32 35 29 35 35
39x48: 29 34 34 31 44 35
37x46: 34 48 47 37 54 40
40x46: 36 30 32 32 29 35
41x37: 31 26 31 25 21 22
37x36: 30 29 42 39 31 34
49x50: 42 47 42 43 39 42
43x44: 57 44 37 52 47 55
41x46: 32 26 23 43 36 35
49x40: 63 35 46 54 53 54
46x42: 43 37 23 41 41 25
45x41: 42 42 49 47 47 56
38x43: 32 26 22 25 34 28
46x38: 31 29 24 34 26 35
39x45: 39 33 29 26 39 28
47x44: 34 42 29 37 31 36
36x44: 46 45 44 47 32 32
46x36: 45 44 38 50 39 39
41x40: 32 29 38 25 27 17
46x49: 38 35 44 39 41 42
38x44: 20 17 37 30 33 31
42x50: 52 56 48 53 56 57
35x43: 19 30 24 27 25 29
39x49: 31 41 27 41 40 28
49x37: 33 35 31 32 34 26
48x40: 32 31 31 39 31 44
50x36: 47 46 44 53 44 43
46x37: 35 23 26 30 36 29
37x37: 34 22 23 17 27 20
37x50: 31 28 31 35 36 30
46x43: 54 50 41 56 59 44
42x47: 52 49 61 42 47 55
35x36: 30 17 22 24 20 19
35x48: 39 50 54 30 50 36
45x36: 41 21 22 31 33 31
41x38: 32 45 35 36 50 39
50x49: 47 46 40 36 40 46
39x39: 28 30 25 35 21 29
36x35: 28 25 21 20 23 15
35x40: 22 32 25 24 22 18
47x36: 50 36 47 41 46 43
35x35: 28 36 39 23 30 33
38x35: 31 28 41 31 36 38
50x45: 56 63 58 51 59 59
48x49: 78 38 72 59 67 55
36x44: 39 48 44 43 34 36
43x40: 33 29 36 31 25 27
44x41: 31 30 25 32 32 31
42x43: 59 45 48 46 46 38
47x50: 52 67 64 57 60 60
36x41: 27 32 23 22 36 15
48x50: 65 58 50 66 67 63
42x49: 68 54 58 45 50 47
38x35: 26 23 18 28 18 19
43x36: 43 38 45 38 35 41
50x49: 69 62 63 66 64 55
37x44: 34 26 40 23 23 22
48x47: 33 46 45 32 41 43
45x47: 30 42 30 42 35 46
50x42: 54 54 59 56 41 60
47x48: 29 42 42 34 47 45
35x38: 26 32 37 31 38 39
35x41: 35 41 33 33 42 36
36x39: 25 23 23 34 23 27
40x45: 46 42 52 53 39 46
36x35: 39 29 26 29 30 42
45x50: 43 43 43 30 45 36
48x46: 55 57 53 51 57 66
43x49: 41 42 40 50 30 21
39x42: 43 36 44 38 51 41
38x48: 38 34 28 30 34 27
38x41: 45 37 43 45 31 41
38x39: 19 26 24 33 32 22
44x39: 44 44 43 42 47 44
45x42: 38 24 32 36 42 37
48x42: 34 27 46 41 42 34
35x35: 15 28 24 21 17 16
49x44: 41 53 27 34 32 37
41x50: 49 62 47 53 49 54
43x35: 41 40 41 34 41 36
45x36: 22 21 32 41 36 28
36x38: 28 37 44 37 32 32
39x46: 46 41 37 48 48 55
38x47: 28 18 32 33 27 41
45x36: 46 46 29 53 39 36
39x46: 54 38 49 47 46 45
50x41: 36 40 38 35 31 28
45x39: 42 61 35 37 45 48
43x40: 28 28 32 34 29 31
37x50: 58 45 54 48 41 43
36x39: 32 29 20 29 24 22
49x40: 49 41 54 53 45 60
35x46: 42 38 40 34 49 45
38x39: 37 34 30 42 39 45
38x43: 28 27 27 28 29 29
44x43: 35 32 32 31 38 27
35x35: 31 20 16 12 14 27
46x50: 34 61 41 35 28 40
35x48: 31 32 25 27 31 30
45x45: 44 44 42 53 52 73
50x49: 65 50 56 68 68 70
47x48: 65 55 68 50 54 59
41x46: 30 39 32 18 41 34
47x39: 32 32 31 31 40 29
44x35: 39 33 38 38 42 47
47x39: 38 28 38 34 29 27
50x35: 27 36 31 26 27 29
39x43: 49 44 44 40 35 48
48x43: 41 37 31 38 40 36
38x42: 28 23 34 30 28 24
48x42: 45 49 61 48 48 59
37x40: 39 44 37 29 34 45
37x45: 33 28 22 31 31 34
37x50: 46 43 51 47 50 48
46x38: 27 36 31 34 26 25
50x48: 43 62 68 71 58 63
49x46: 57 63 58 57 57 55
49x46: 65 61 58 46 63 56
42x47: 33 30 37 43 32 35
41x44: 30 32 34 37 24 24
38x48: 42 56 49 50 38 45
48x43: 31 43 38 35 32 45
42x38: 37 42 44 36 46 40
37x41: 33 41 53 39 33 35
42x49: 43 62 58 57 52 43
40x42: 32 31 27 27 34 30
43x38: 33 23 24 25 39 24
42x36: 20 29 20 29 33 36
46x48: 34 35 39 40 43 48
45x35: 36 29 24 27 18 30
47x39: 46 42 27 54 51 59
36x40: 34 36 43 32 44 33
40x43: 45 39 42 49 42 48
49x40: 44 63 44 52 46 50
40x41: 25 31 31 22 34 26
45x42: 47 41 52 50 50 51
42x47: 39 37 34 35 28 36
42x35: 28 37 24 20 23 21
43x40: 25 28 29 46 22 31
50x38: 24 27 34 35 32 39
42x47: 34 26 45 40 31 33
43x42: 36 36 26 29 39 30
42x37: 27 24 33 27 23 33
35x45: 24 28 25 32 20 35
41x45: 31 44 26 28 29 36
39x47: 53 45 54 38 55 40
35x46: 32 23 24 25 31 30
45x47: 34 46 35 35 33 41
36x49: 31 33 27 37 24 39
37x42: 41 34 36 46 37 45
45x47: 50 48 52 68 58 48
40x50: 33 23 42 36 37 37
39x49: 44 45 56 52 58 39
43x37: 26 33 24 30 26 28
39x47: 34 30 31 32 38 29
42x37: 23 28 28 36 25 28
39x39: 29 21 37 21 32 28
49x46: 54 55 50 56 65 65
46x48: 29 40 49 45 36 41
47x46: 53 63 54 51 44 67
45x39: 42 41 50 43 46 48
38x37: 25 26 20 18 22 33
39x50: 38 33 43 30 34 30
44x38: 35 28 27 23 34 21
40x48: 37 34 36 35 40 25
35x43: 18 32 23 25 28 28
50x47: 60 56 56 58 61 70
41x39: 40 44 42 44 36 40
38x40: 46 32 39 46 32 41
48x49: 47 38 41 47 39 43
49x46: 46 47 43 33 35 36
44x41: 30 24 27 33 36 32
39x43: 31 49 52 46 42 36
49x45: 70 47 60 52 61 54
42x47: 34 60 50 64 46 45
39x40: 23 31 28 26 35 26
35x47: 26 19 27 29 34 30
41x45: 47 52 41 50 42 51
48x45: 45 32 43 36 41 42
50x47: 40 37 39 37 38 49
44x39: 35 27 25 34 34 27
45x48: 55 58 52 52 57 58
42x40: 35 27 36 32 22 29
50x39: 31 30 41 36 33 37
36x46: 49 44 44 39 43 38
44x35: 22 28 25 31 22 25
37x40: 24 32 31 32 17 20
41x40: 32 44 44 45 47 38
41x36: 19 33 15 26 28 34
35x40: 22 22 31 24 25 19
42x49: 53 48 61 51 59 46
38x40: 42 38 40 32 39 44
41x48: 39 38 23 42 37 28
40x46: 48 45 50 45 47 49
41x42: 25 32 36 29 33 26
39x44: 41 25 25 22 34 34
50x50: 48 45 36 39 46 42
42x42: 48 34 43 46 44 57
48x40: 28 30 30 47 36 36
35x48: 35 27 24 23 38 28
35x36: 18 27 22 24 20 21
40x47: 49 44 44 56 58 38
36x43: 35 24 33 26 30 20
39x38: 26 25 24 26 28 27
38x37: 42 34 41 32 29 41
44x44: 23 39 36 28 38 31
38x44: 43 36 47 47 40 45
44x45: 32 45 32 35 43 22
35x38: 8 33 21 23 24 22
41x43: 50 49 38 48 49 38
47x38: 39 40 44 58 50 42
40x43: 44 50 39 51 41 39
43x40: 22 25 34 40 31 29
37x38: 24 23 20 27 26 24
47x42: 26 37 33 43 34 37
45x35: 27 24 28 38 22 26
39x38: 29 42 32 34 39 49
40x43: 44 36 66 50 35 37
49x49: 67 58 67 68 54 58
40x38: 49 38 40 34 38 38
41x36: 34 19 28 26 24 25
47x36: 48 38 45 54 49 28
40x43: 17 31 36 35 37 26
40x40: 34 29 21 26 30 29
44x36: 53 42 36 40 29 47
42x38: 35 22 35 28 19 28
38x45: 37 25 31 28 23 36
42x35: 31 25 23 33 19 23
45x44: 35 44 39 33 28 31
41x47: 33 31 31 28 33 39
46x38: 43 48 53 45 46 35
44x48: 31 37 35 38 43 39
50x48: 51 77 45 70 53 68
35x44: 43 34 45 36 43 38
50x40: 59 51 50 47 61 42
50x49: 47 50 45 40 34 40
38x44: 21 33 33 34 22 25
40x35: 29 21 23 24 25 20
35x45: 30 23 29 26 28 28
47x45: 48 38 24 41 38 36
40x36: 33 44 40 26 43 35
37x45: 35 37 30 22 30 25
38x49: 19 29 38 39 33 33
36x45: 53 46 42 45 35 32
38x46: 43 38 41 58 50 38
44x40: 51 38 48 47 47 42
46x48: 39 45 35 37 39 45
42x46: 48 66 42 48 39 53
50x45: 50 70 55 49 56 64
45x41: 44 47 40 43 59 49
39x41: 40 33 48 41 44 41
49x47: 38 39 34 43 47 39
42x40: 28 27 27 32 41 26
43x47: 34 31 31 40 29 44
45x45: 35 38 44 34 33 40
40x38: 51 38 34 44 40 30
37x47: 48 40 46 47 45 43
48x45: 32 40 44 42 39 43
45x47: 29 38 34 36 35 53
41x39: 48 40 47 40 42 32
48x39: 33 37 34 35 36 32
37x46: 26 28 28 35 38 24
43x42: 27 37 37 24 39 32
37x41: 24 26 23 30 26 27
43x36: 24 28 35 24 32 25
37x37: 14 21 25 23 29 31
43x35: 44 33 37 35 34 50
48x50: 62 65 49 56 67 69
46x48: 36 45 49 31 34 45
35x50: 24 34 30 25 30 33
40x36: 46 38 33 34 32 41
46x47: 36 41 33 30 45 40
39x48: 40 48 49 47 54 48
49x38: 26 36 21 30 38 41
45x45: 43 36 34 38 36 38
40x39: 40 37 44 41 39 40
43x40: 36 27 36 23 36 23
44x35: 33 23 23 24 26 25
37x44: 25 27 21 37 33 25
36x49: 51 46 43 38 52 43
37x45: 40 44 25 45 44 55
43x46: 54 48 62 44 50 49
47x39: 40 53 46 44 47 50
45x40: 37 42 25 24 29 37
41x40: 30 28 28 26 30 27
35x43: 23 21 25 25 23 37
43x37: 26 18 29 28 40 27
48x46: 44 48 35 37 44 31
42x42: 25 30 34 41 34 31
46x36: 48 41 45 39 32 52
37x40: 26 36 40 38 45 40
47x44: 47 47 56 47 69 51
38x40: 14 34 26 25 27 30
48x42: 34 49 36 40 35 29
37x38: 39 31 40 28 45 35
44x41: 46 42 42 51 46 50
41x36: 19 29 28 27 29 23
36x46: 31 50 44 34 44 49
41x49: 38 25 40 34 39 32
39x39: 31 27 25 29 30 26
36x46: 37 24 31 30 27 31
35x44: 36 53 39 36 40 32
39x47: 28 35 38 30 35 28
42x46: 52 47 54 45 50 51
48x42: 38 38 33 38 27 50
38x48: 33 27 31 31 36 34
43x43: 46 47 51 46 43 52
38x47: 22 28 32 30 36 31
40x35: 36 39 37 40 31 33
39x44: 26 30 29 34 28 34
35x37: 20 19 21 18 32 21
36x38: 26 20 23 27 19 29
40x49: 30 34 43 36 31 34
46x43: 58 49 39 51 48 60
35x44: 46 34 32 40 40 46
48x44: 41 36 34 44 36 32
37x49: 44 35 63 44 45 50
36x35: 28 17 19 26 21 20
43x50: 43 70 52 59 56 47
49x49: 46 44 53 33 42 37
38x35: 21 19 18 23 25 26
37x48: 34 34 39 31 29 24
47x37: 46 34 25 23 25 27
47x44: 47 54 41 61 55 57
50x42: 41 49 30 31 36 37
42x36: 35 31 40 45 44 37
39x35: 31 40 27 35 37 38
43x50: 34 50 29 41 31 38
46x41: 23 38 38 38 31 27
42x38: 51 38 43 39 43 35
42x43: 41 43 36 61 53 41
35x45: 21 33 27 17 30 36
38x50: 57 49 43 48 54 43
40x46: 33 34 30 36 33 29
45x41: 40 20 34 33 29 38
40x45: 61 53 44 40 49 34
35x49: 24 32 33 25 34 27
42x45: 34 34 26 44 33 39
48x36: 46 49 34 51 44 41
47x47: 42 36 32 42 40 32
40x44: 35 32 35 26 23 30
49x42: 46 56 54 60 49 50
36x45: 38 37 38 49 43 43
49x37: 29 29 29 25 41 39
37x39: 28 28 27 20 24 28
41x44: 23 35 31 25 35 33
46x44: 56 49 54 55 40 59
46x44: 33 35 32 45 33 32
48x42: 43 62 52 55 48 48
35x35: 23 21 18 20 18 20
46x39: 34 33 27 30 41 29
50x35: 42 36 39 47 58 46
43x41: 28 30 37 34 23 29
48x40: 35 34 42 48 28 21
44x40: 43 34 28 31 18 27
38x46: 37 51 39 47 53 39
37x36: 29 39 36 33 34 33
37x35: 30 39 30 32 34 33
35x49: 31 37 26 27 28 27
39x50: 42 39 25 39 36 27
37x40: 42 38 29 38 50 31
35x39: 44 45 35 30 28 31
47x47: 38 42 34 35 37 39
37x38: 37 34 30 42 39 34
36x43: 30 24 24 31 28 31
42x50: 39 33 38 40 32 41
40x43: 24 32 28 31 31 35
41x43: 43 58 40 36 57 36
48x50: 59 57 62 78 61 52
39x45: 44 47 44 54 39 42
46x49: 42 46 32 40 46 34
35x36: 27 32 42 31 31 31
38x38: 24 38 33 40 45 38
44x36: 39 44 38 42 38 42
44x36: 36 26 26 24 29 27
41x40: 42 37 39 37 45 52
35x50: 48 51 41 38 40 52
48x42: 45 30 44 38 38 29
46x49: 40 35 46 42 38 39
40x37: 29 48 34 36 45 33
41x38: 38 42 58 40 28 36
37x35: 23 20 23 21 21 24
50x41: 38 29 35 39 35 31
46x47: 41 37 40 27 35 44
47x46: 41 32 39 43 28 42
35x50: 48 34 48 50 42 49
35x47: 20 31 20 31 26 36
47x40: 32 30 35 32 38 28
35x50: 39 36 32 22 24 23
36x41: 47 38 39 38 36 32
48x47: 43 47 36 41 41 32
50x41: 33 33 32 40 34 36
47x35: 46 40 40 44 46 38
42x50: 61 50 50 54 55 55
41x38: 39 38 49 42 38 35
46x44: 60 59 53 47 47 48
37x48: 43 50 39 50 41 49
49x37: 43 42 52 45 52 45
46x42: 43 41 29 31 36 30
49x45: 44 45 38 38 37 37
45x47: 60 50 52 56 54 55
37x42: 30 30 28 24 29 26
49x48: 51 48 43 34 40 39
35x42: 23 23 31 31 27 19
42x38: 26 28 23 33 32 26
46x47: 28 37 43 41 31 44
44x46: 45 35 33 39 35 23
36x35: 26 40 31 37 35 23
46x46: 42 34 28 38 38 44
50x35: 27 35 24 31 23 35
50x43: 56 46 45 51 60 72
42x46: 46 42 39 55 54 59
49x45: 34 42 42 50 38 34
42x35: 32 27 19 28 25 23
45x35: 37 39 42 39 40 45
40x47: 51 42 47 50 49 51
48x46: 30 32 43 51 33 50
47x44: 52 45 59 52 52 59
48x44: 53 51 61 54 59 48
45x47: 53 66 58 46 59 44
44x35: 47 37 30 42 44 38
44x40: 29 34 30 28 34 27
43x38: 27 27 31 27 27 28
38x42: 22 30 37 33 27 18
36x35: 32 22 17 21 20 19
47x44: 59 54 53 50 48 56
35x49: 28 22 35 33 23 34
39x43: 32 34 33 21 28 33
46x43: 33 36 38 35 36 31
48x48: 51 43 40 41 39 41
37x36: 42 29 37 44 25 31
48x36: 36 35 31 28 30 31
46x48: 65 52 47 50 67 60
48x41: 61 51 51 52 42 49
42x44: 44 52 57 41 49 42
40x42: 29 38 46 53 39 50
40x46: 26 36 33 31 31 37
42x45: 27 36 43 29 28 47
45x48: 33 45 49 41 34 38
42x45: 34 34 33 38 41 29
39x42: 28 34 29 28 33 29
49x39: 38 36 35 31 36 31
40x44: 31 26 31 32 25 37
46x36: 40 34 40 54 42 44
41x45: 37 24 36 28 33 36
42x41: 50 38 52 30 51 47
38x39: 33 24 32 20 22 24
38x45: 26 26 29 29 37 33
44x40: 50 37 48 53 37 48
47x35: 33 21 28 25 23 35
46x48: 62 54 53 45 68 59
35x43: 28 26 25 24 33 17
46x39: 37 47 40 58 44 47
45x37: 31 32 29 28 29 30
49x41: 39 37 34 37 31 29
37x40: 27 35 19 30 28 17
36x38: 26 22 21 25 31 19
48x41: 45 56 55 44 43 59
37x48: 51 52 46 38 47 41
46x41: 33 38 29 27 23 44
38x39: 24 35 25 21 29 22
45x40: 48 57 49 45 43 36
35x41: 22 24 25 21 26 24
47x45: 33 41 38 32 45 36
40x47: 49 54 43 41 57 45
37x38: 24 22 26 26 15 31
39x39: 39 40 31 52 27 44
39x39: 33 26 23 22 30 34
48x38: 56 46 50 44 48 40
40x37: 24 27 22 21 31 30
46x47: 50 70 60 52 42 58
50x39: 24 39 33 35 38 38
46x41: 43 58 50 49 43 46
35x46: 25 31 24 28 30 26
41x47: 51 63 48 40 48 47
36x43: 32 38 37 47 41 41